mrate,nelite,psize,stop,ngen,nmass,ngenes,fitness,tc,rt
0.1,1,24,100,1000,10,20,coupled,0.223515562932,82.15350461006165
0.1,1,24,100,1000,10,20,coupled,0.211865802951,50.25093364715576
0.1,1,24,100,1000,10,20,coupled,0.102770410121,49.556763648986816
0.1,1,24,100,1000,10,20,coupled,0.225238214842,53.050050497055054
0.1,1,24,100,1000,10,20,coupled,0.0942448228587,47.103960037231445
0.1,1,24,100,1000,10,20,coupled,0.161317689253,57.17354774475098
0.1,1,24,100,1000,10,20,coupled,0.130967300361,43.449246644973755
0.1,1,24,100,1000,10,20,coupled,0.224937076314,84.57467937469482
0.1,1,24,100,1000,10,20,coupled,0.210413901736,42.10243511199951
0.1,1,24,100,1000,10,20,coupled,0.214413654163,76.46301674842834
0.1,1,24,100,1000,10,20,coupled,0.212091287975,52.68175554275513
0.1,1,24,100,1000,10,20,coupled,0.206810095495,44.898207902908325
0.1,1,24,100,1000,10,20,coupled,0.200908700528,53.88959050178528
0.1,1,24,100,1000,10,20,coupled,0.13937676585,46.34211754798889
0.1,1,24,100,1000,10,20,coupled,0.145023377378,53.25582146644592
0.1,1,24,100,1000,10,20,coupled,0.104472880013,58.976248264312744
0.1,1,24,100,1000,10,20,coupled,0.221386115703,64.82365012168884
0.1,1,24,100,1000,10,20,coupled,0.145385120743,58.597360610961914
0.1,1,24,100,1000,10,20,coupled,0.21478334307,72.91260981559753
0.1,1,24,100,1000,10,20,coupled,0.190391849586,47.27167272567749
0.1,2,24,100,1000,10,20,coupled,0.224934567199,63.80131554603577
0.1,2,24,100,1000,10,20,coupled,0.197675608274,85.35990762710571
0.1,2,24,100,1000,10,20,coupled,0.215326788002,85.21551585197449
0.1,2,24,100,1000,10,20,coupled,0.101961889996,46.11829113960266
0.1,2,24,100,1000,10,20,coupled,0.217280411803,110.72769522666931
0.1,2,24,100,1000,10,20,coupled,0.220397062159,46.75812530517578
0.1,2,24,100,1000,10,20,coupled,0.0981088718653,46.235440731048584
0.1,2,24,100,1000,10,20,coupled,0.20695581081,66.11369299888611
0.1,2,24,100,1000,10,20,coupled,0.192644709818,56.54785180091858
0.1,2,24,100,1000,10,20,coupled,0.217889593836,68.46881246566772
0.1,2,24,100,1000,10,20,coupled,0.225680092604,71.15845847129822
0.1,2,24,100,1000,10,20,coupled,0.218995406638,131.48170232772827
0.1,2,24,100,1000,10,20,coupled,0.224934567199,81.86362648010254
0.1,2,24,100,1000,10,20,coupled,0.205583521177,61.68426704406738
0.1,2,24,100,1000,10,20,coupled,0.188199285839,59.35840630531311
0.1,2,24,100,1000,10,20,coupled,0.224934567199,53.58189630508423
0.1,2,24,100,1000,10,20,coupled,0.220397062159,69.09186816215515
0.1,2,24,100,1000,10,20,coupled,0.189392890424,59.957064390182495
0.1,2,24,100,1000,10,20,coupled,0.211078080408,51.17206287384033
0.1,2,24,100,1000,10,20,coupled,0.224934567199,71.72670006752014
0.1,3,24,100,1000,10,20,coupled,0.198389704737,76.50135135650635
0.1,3,24,100,1000,10,20,coupled,0.162263121642,74.87361240386963
0.1,3,24,100,1000,10,20,coupled,0.109261332236,114.84364628791809
0.1,3,24,100,1000,10,20,coupled,0.148378464302,91.32744264602661
0.1,3,24,100,1000,10,20,coupled,0.197524926484,75.23031282424927
0.1,3,24,100,1000,10,20,coupled,0.203662938529,76.857008934021
0.1,3,24,100,1000,10,20,coupled,0.220046387178,62.545427083969116
0.1,3,24,100,1000,10,20,coupled,0.149118699752,71.36678457260132
0.1,3,24,100,1000,10,20,coupled,0.160247645735,77.64305853843689
0.1,3,24,100,1000,10,20,coupled,0.127475691999,92.39751505851746
0.1,3,24,100,1000,10,20,coupled,0.224937076314,75.30565547943115
0.1,3,24,100,1000,10,20,coupled,0.224937076314,106.81130647659302
0.1,3,24,100,1000,10,20,coupled,0.220339827316,97.19841122627258
0.1,3,24,100,1000,10,20,coupled,0.193530585644,65.96812748908997
0.1,3,24,100,1000,10,20,coupled,0.161241841099,130.31404185295105
0.1,3,24,100,1000,10,20,coupled,0.224937076314,77.7020103931427
0.1,3,24,100,1000,10,20,coupled,0.221590141928,101.56415724754333
0.1,3,24,100,1000,10,20,coupled,0.2175644383,72.69383311271667
0.1,3,24,100,1000,10,20,coupled,0.165309491368,58.31929850578308
0.1,3,24,100,1000,10,20,coupled,0.200840104047,87.70463156700134
0.1,4,24,100,1000,10,20,coupled,0.222779032007,175.68713116645813
0.1,4,24,100,1000,10,20,coupled,0.176134280483,51.570234298706055
0.1,4,24,100,1000,10,20,coupled,0.221326161011,153.46529173851013
0.1,4,24,100,1000,10,20,coupled,0.223673649881,101.69611358642578
0.1,4,24,100,1000,10,20,coupled,0.202311071712,85.736407995224
0.1,4,24,100,1000,10,20,coupled,0.211027110983,102.62312722206116
0.1,4,24,100,1000,10,20,coupled,0.218775455717,70.07364439964294
0.1,4,24,100,1000,10,20,coupled,0.201141334021,120.16671919822693
0.1,4,24,100,1000,10,20,coupled,0.199237262556,96.54810094833374
0.1,4,24,100,1000,10,20,coupled,0.215693618611,70.33045244216919
0.1,4,24,100,1000,10,20,coupled,0.224159944227,68.11821269989014
0.1,4,24,100,1000,10,20,coupled,0.158298978839,70.02378726005554
0.1,4,24,100,1000,10,20,coupled,0.196885364808,141.48244261741638
0.1,4,24,100,1000,10,20,coupled,0.181299839327,38.31555223464966
0.1,4,24,100,1000,10,20,coupled,0.198924385469,81.73909759521484
0.1,4,24,100,1000,10,20,coupled,0.117357972074,55.6997811794281
0.1,4,24,100,1000,10,20,coupled,0.221857803734,129.50207805633545
0.1,4,24,100,1000,10,20,coupled,0.189069519502,112.64464068412781
0.1,4,24,100,1000,10,20,coupled,0.147186730157,78.23799109458923
0.1,4,24,100,1000,10,20,coupled,0.141851091269,94.30318474769592
0.2,1,24,100,1000,10,20,coupled,0.204775252911,95.20123863220215
0.2,1,24,100,1000,10,20,coupled,0.220397062159,65.91381359100342
0.2,1,24,100,1000,10,20,coupled,0.223515562932,101.40759325027466
0.2,1,24,100,1000,10,20,coupled,0.221857803734,75.69910311698914
0.2,1,24,100,1000,10,20,coupled,0.221386115703,64.87309575080872
0.2,1,24,100,1000,10,20,coupled,0.121916854051,86.03749132156372
0.2,1,24,100,1000,10,20,coupled,0.223673649881,98.66545748710632
0.2,1,24,100,1000,10,20,coupled,0.203662938529,49.506000995635986
0.2,1,24,100,1000,10,20,coupled,0.116441372588,117.02098870277405
0.2,1,24,100,1000,10,20,coupled,0.223515562932,88.17744994163513
0.2,1,24,100,1000,10,20,coupled,0.223327509763,71.27040481567383
0.2,1,24,100,1000,10,20,coupled,0.224934567199,68.78274583816528
0.2,1,24,100,1000,10,20,coupled,0.134141533221,68.59205508232117
0.2,1,24,100,1000,10,20,coupled,0.203662938529,64.99667763710022
0.2,1,24,100,1000,10,20,coupled,0.198254071232,60.082377195358276
0.2,1,24,100,1000,10,20,coupled,0.224934567199,128.14308977127075
0.2,1,24,100,1000,10,20,coupled,0.15025679977,75.03273034095764
0.2,1,24,100,1000,10,20,coupled,0.160095323585,76.23292899131775
0.2,1,24,100,1000,10,20,coupled,0.215290438956,105.17661929130554
0.2,1,24,100,1000,10,20,coupled,0.148899207757,106.09097814559937
0.2,2,24,100,1000,10,20,coupled,0.219033503903,107.20710301399231
0.2,2,24,100,1000,10,20,coupled,0.143762442081,50.178651571273804
0.2,2,24,100,1000,10,20,coupled,0.220397062159,48.700467109680176
0.2,2,24,100,1000,10,20,coupled,0.182446287719,59.20499277114868
0.2,2,24,100,1000,10,20,coupled,0.20695581081,73.06181859970093
0.2,2,24,100,1000,10,20,coupled,0.113037797202,49.137829065322876
0.2,2,24,100,1000,10,20,coupled,0.215384192276,57.92272400856018
0.2,2,24,100,1000,10,20,coupled,0.221974140325,73.51769137382507
0.2,2,24,100,1000,10,20,coupled,0.146244959678,77.99147176742554
0.2,2,24,100,1000,10,20,coupled,0.222251693355,59.45365595817566
0.2,2,24,100,1000,10,20,coupled,0.223673649881,73.44668078422546
0.2,2,24,100,1000,10,20,coupled,0.194716804984,86.21481108665466
0.2,2,24,100,1000,10,20,coupled,0.212091287975,118.22453737258911
0.2,2,24,100,1000,10,20,coupled,0.224934567199,110.15736222267151
0.2,2,24,100,1000,10,20,coupled,0.221393327954,126.1382532119751
0.2,2,24,100,1000,10,20,coupled,0.224934567199,94.82644581794739
0.2,2,24,100,1000,10,20,coupled,0.197360876824,140.65364909172058
0.2,2,24,100,1000,10,20,coupled,0.223327509763,62.44027638435364
0.2,2,24,100,1000,10,20,coupled,0.224934567199,106.15161609649658
0.2,2,24,100,1000,10,20,coupled,0.224934567199,104.3346517086029
0.2,3,24,100,1000,10,20,coupled,0.224934567199,95.55086326599121
0.2,3,24,100,1000,10,20,coupled,0.212556382464,79.95634961128235
0.2,3,24,100,1000,10,20,coupled,0.193493611954,68.05319428443909
0.2,3,24,100,1000,10,20,coupled,0.215765499242,73.15938138961792
0.2,3,24,100,1000,10,20,coupled,0.224934567199,83.10574316978455
0.2,3,24,100,1000,10,20,coupled,0.220867991657,68.90751433372498
0.2,3,24,100,1000,10,20,coupled,0.220740848399,140.47409081459045
0.2,3,24,100,1000,10,20,coupled,0.213611247277,78.45257449150085
0.2,3,24,100,1000,10,20,coupled,0.207979456083,81.3969497680664
0.2,3,24,100,1000,10,20,coupled,0.203402630422,138.3237612247467
0.2,3,24,100,1000,10,20,coupled,0.224159944227,147.26482796669006
0.2,3,24,100,1000,10,20,coupled,0.128728912724,39.48099493980408
0.2,3,24,100,1000,10,20,coupled,0.217500969904,176.74935483932495
0.2,3,24,100,1000,10,20,coupled,0.120432886435,50.38038611412048
0.2,3,24,100,1000,10,20,coupled,0.214705615677,82.8767900466919
0.2,3,24,100,1000,10,20,coupled,0.222420275685,52.1248996257782
0.2,3,24,100,1000,10,20,coupled,0.185128610595,74.5121898651123
0.2,3,24,100,1000,10,20,coupled,0.214612802643,110.52431511878967
0.2,3,24,100,1000,10,20,coupled,0.222449265948,66.11944723129272
0.2,3,24,100,1000,10,20,coupled,0.206952733867,58.22772693634033
0.2,4,24,100,1000,10,20,coupled,0.208230294078,70.78500652313232
0.2,4,24,100,1000,10,20,coupled,0.222807283058,128.2299907207489
0.2,4,24,100,1000,10,20,coupled,0.129498075531,47.96954941749573
0.2,4,24,100,1000,10,20,coupled,0.2101604328,87.54435229301453
0.2,4,24,100,1000,10,20,coupled,0.224934567199,141.5469799041748
0.2,4,24,100,1000,10,20,coupled,0.224934567199,143.34385538101196
0.2,4,24,100,1000,10,20,coupled,0.211489285025,65.38197183609009
0.2,4,24,100,1000,10,20,coupled,0.185337468598,52.646477937698364
0.2,4,24,100,1000,10,20,coupled,0.109233409831,135.04782342910767
0.2,4,24,100,1000,10,20,coupled,0.160305409857,116.4001111984253
0.2,4,24,100,1000,10,20,coupled,0.217449289495,169.43333458900452
0.2,4,24,100,1000,10,20,coupled,0.224934567199,150.97980546951294
0.2,4,24,100,1000,10,20,coupled,0.224934567199,198.88288497924805
0.2,4,24,100,1000,10,20,coupled,0.19163981974,109.57495880126953
0.2,4,24,100,1000,10,20,coupled,0.220397062159,155.9558231830597
0.2,4,24,100,1000,10,20,coupled,0.209390731032,90.72044634819031
0.2,4,24,100,1000,10,20,coupled,0.197879325448,54.39570665359497
0.2,4,24,100,1000,10,20,coupled,0.220203907784,85.50798964500427
0.2,4,24,100,1000,10,20,coupled,0.219526318544,115.3074676990509
0.2,4,24,100,1000,10,20,coupled,0.1606945115,83.71684694290161
0.3,1,24,100,1000,10,20,coupled,0.223515562932,73.83963871002197
0.3,1,24,100,1000,10,20,coupled,0.224934567199,134.8731405735016
0.3,1,24,100,1000,10,20,coupled,0.220312439535,102.81999135017395
0.3,1,24,100,1000,10,20,coupled,0.214413654163,134.8415768146515
0.3,1,24,100,1000,10,20,coupled,0.225238214842,64.08198547363281
0.3,1,24,100,1000,10,20,coupled,0.225680092604,105.67227721214294
0.3,1,24,100,1000,10,20,coupled,0.213611247277,152.22335028648376
0.3,1,24,100,1000,10,20,coupled,0.201796699197,80.16186618804932
0.3,1,24,100,1000,10,20,coupled,0.197366904912,56.147103786468506
0.3,1,24,100,1000,10,20,coupled,0.224934567199,103.30452346801758
0.3,1,24,100,1000,10,20,coupled,0.224159944227,150.33055067062378
0.3,1,24,100,1000,10,20,coupled,0.211536510533,60.4740846157074
0.3,1,24,100,1000,10,20,coupled,0.116603796336,78.99981570243835
0.3,1,24,100,1000,10,20,coupled,0.212884400093,91.30399656295776
0.3,1,24,100,1000,10,20,coupled,0.225971880725,133.53676223754883
0.3,1,24,100,1000,10,20,coupled,0.195626769607,67.44196105003357
0.3,1,24,100,1000,10,20,coupled,0.221308400515,78.03115034103394
0.3,1,24,100,1000,10,20,coupled,0.165985134559,86.91557359695435
0.3,1,24,100,1000,10,20,coupled,0.22224787379,91.17181348800659
0.3,1,24,100,1000,10,20,coupled,0.157254484941,67.13524174690247
0.3,2,24,100,1000,10,20,coupled,0.206112404628,58.933541774749756
0.3,2,24,100,1000,10,20,coupled,0.225971880725,98.74183392524719
0.3,2,24,100,1000,10,20,coupled,0.191703044541,51.335264682769775
0.3,2,24,100,1000,10,20,coupled,0.203362348588,82.57166528701782
0.3,2,24,100,1000,10,20,coupled,0.221186851804,95.02403521537781
0.3,2,24,100,1000,10,20,coupled,0.219152985203,121.46193766593933
0.3,2,24,100,1000,10,20,coupled,0.2226288324,87.2797908782959
0.3,2,24,100,1000,10,20,coupled,0.160145322053,73.09712362289429
0.3,2,24,100,1000,10,20,coupled,0.224159944227,155.25826501846313
0.3,2,24,100,1000,10,20,coupled,0.224934567199,135.92274451255798
0.3,2,24,100,1000,10,20,coupled,0.099226188646,89.86445689201355
0.3,2,24,100,1000,10,20,coupled,0.210318245252,62.977155923843384
0.3,2,24,100,1000,10,20,coupled,0.189774181105,55.51309108734131
0.3,2,24,100,1000,10,20,coupled,0.20583892119,140.71325373649597
0.3,2,24,100,1000,10,20,coupled,0.222779032007,87.44279861450195
0.3,2,24,100,1000,10,20,coupled,0.207859784331,90.0357072353363
0.3,2,24,100,1000,10,20,coupled,0.159922786667,177.90330839157104
0.3,2,24,100,1000,10,20,coupled,0.155101660859,80.65053057670593
0.3,2,24,100,1000,10,20,coupled,0.207819740432,104.81493353843689
0.3,2,24,100,1000,10,20,coupled,0.201659452537,82.37502813339233
0.3,3,24,100,1000,10,20,coupled,0.219699303372,111.03146028518677
0.3,3,24,100,1000,10,20,coupled,0.202766223119,147.24817895889282
0.3,3,24,100,1000,10,20,coupled,0.211046602799,135.1418285369873
0.3,3,24,100,1000,10,20,coupled,0.199158847801,59.740463972091675
0.3,3,24,100,1000,10,20,coupled,0.205154770401,51.717204093933105
0.3,3,24,100,1000,10,20,coupled,0.111601768621,72.24668955802917
0.3,3,24,100,1000,10,20,coupled,0.208437846169,91.59308409690857
0.3,3,24,100,1000,10,20,coupled,0.224934567199,109.5386016368866
0.3,3,24,100,1000,10,20,coupled,0.210251907143,59.01663661003113
0.3,3,24,100,1000,10,20,coupled,0.198443475359,93.83983564376831
0.3,3,24,100,1000,10,20,coupled,0.213937781887,130.59788250923157
0.3,3,24,100,1000,10,20,coupled,0.187287992493,97.58303308486938
0.3,3,24,100,1000,10,20,coupled,0.199785551715,83.21010422706604
0.3,3,24,100,1000,10,20,coupled,0.221723360926,101.94131016731262
0.3,3,24,100,1000,10,20,coupled,0.219734916213,77.91437458992004
0.3,3,24,100,1000,10,20,coupled,0.207798223765,57.20442175865173
0.3,3,24,100,1000,10,20,coupled,0.221386115703,161.35192370414734
0.3,3,24,100,1000,10,20,coupled,0.221386115703,204.95033240318298
0.3,3,24,100,1000,10,20,coupled,0.205195155492,141.54445958137512
0.3,3,24,100,1000,10,20,coupled,0.189573606784,53.760684967041016
0.3,4,24,100,1000,10,20,coupled,0.215418926465,129.59004974365234
0.3,4,24,100,1000,10,20,coupled,0.2175644383,89.75066351890564
0.3,4,24,100,1000,10,20,coupled,0.216739661877,100.64568090438843
0.3,4,24,100,1000,10,20,coupled,0.215011181067,186.42131876945496
0.3,4,24,100,1000,10,20,coupled,0.15866052917,55.32462215423584
0.3,4,24,100,1000,10,20,coupled,0.150550444881,61.26280450820923
0.3,4,24,100,1000,10,20,coupled,0.218655464647,165.6516993045807
0.3,4,24,100,1000,10,20,coupled,0.198116446883,80.91157627105713
0.3,4,24,100,1000,10,20,coupled,0.201338318974,111.70636034011841
0.3,4,24,100,1000,10,20,coupled,0.133616711574,92.64104270935059
0.3,4,24,100,1000,10,20,coupled,0.222306159693,233.1404309272766
0.3,4,24,100,1000,10,20,coupled,0.217424504265,107.77963852882385
0.3,4,24,100,1000,10,20,coupled,0.195117228191,110.86113142967224
0.3,4,24,100,1000,10,20,coupled,0.222622024127,116.69920182228088
0.3,4,24,100,1000,10,20,coupled,0.167316427207,40.74677777290344
0.3,4,24,100,1000,10,20,coupled,0.220332416893,166.02712392807007
0.3,4,24,100,1000,10,20,coupled,0.116142524635,60.36825609207153
0.3,4,24,100,1000,10,20,coupled,0.206910980315,139.8380002975464
0.3,4,24,100,1000,10,20,coupled,0.218861275328,130.94711208343506
0.3,4,24,100,1000,10,20,coupled,0.169290159641,84.60119128227234
0.4,1,24,100,1000,10,20,coupled,0.224159944227,135.56594467163086
0.4,1,24,100,1000,10,20,coupled,0.224934567199,181.05568385124207
0.4,1,24,100,1000,10,20,coupled,0.216799996509,101.17182278633118
0.4,1,24,100,1000,10,20,coupled,0.186625487759,84.62093615531921
0.4,1,24,100,1000,10,20,coupled,0.20976178087,119.75563883781433
0.4,1,24,100,1000,10,20,coupled,0.207229083929,73.96232223510742
0.4,1,24,100,1000,10,20,coupled,0.216375830575,92.20154690742493
0.4,1,24,100,1000,10,20,coupled,0.184122974589,47.26754856109619
0.4,1,24,100,1000,10,20,coupled,0.214691410412,268.85479736328125
0.4,1,24,100,1000,10,20,coupled,0.195171307376,74.83976984024048
0.4,1,24,100,1000,10,20,coupled,0.146350397193,57.53675889968872
0.4,1,24,100,1000,10,20,coupled,0.221748295572,87.66211247444153
0.4,1,24,100,1000,10,20,coupled,0.196662718851,65.61135387420654
0.4,1,24,100,1000,10,20,coupled,0.216616716152,131.31614780426025
0.4,1,24,100,1000,10,20,coupled,0.212362081974,114.7218689918518
0.4,1,24,100,1000,10,20,coupled,0.114659719816,37.162806272506714
0.4,1,24,100,1000,10,20,coupled,0.20695581081,125.24342107772827
0.4,1,24,100,1000,10,20,coupled,0.203586431475,131.68289613723755
0.4,1,24,100,1000,10,20,coupled,0.143086738247,57.73218870162964
0.4,1,24,100,1000,10,20,coupled,0.207115291304,69.6083300113678
0.4,2,24,100,1000,10,20,coupled,0.157001818831,202.1487262248993
0.4,2,24,100,1000,10,20,coupled,0.189457408398,50.84052348136902
0.4,2,24,100,1000,10,20,coupled,0.194372739675,80.57568717002869
0.4,2,24,100,1000,10,20,coupled,0.204310258667,85.21344828605652
0.4,2,24,100,1000,10,20,coupled,0.222752346141,176.1506223678589
0.4,2,24,100,1000,10,20,coupled,0.210206189228,77.47741770744324
0.4,2,24,100,1000,10,20,coupled,0.150536418302,35.848734855651855
0.4,2,24,100,1000,10,20,coupled,0.114500818723,58.062734842300415
0.4,2,24,100,1000,10,20,coupled,0.192260971925,91.42884278297424
0.4,2,24,100,1000,10,20,coupled,0.14358626593,38.743685483932495
0.4,2,24,100,1000,10,20,coupled,0.210956572654,98.2875018119812
0.4,2,24,100,1000,10,20,coupled,0.119709784516,43.44315481185913
0.4,2,24,100,1000,10,20,coupled,0.214787951289,169.90030908584595
0.4,2,24,100,1000,10,20,coupled,0.122566038008,93.99384641647339
0.4,2,24,100,1000,10,20,coupled,0.193839518468,96.13209247589111
0.4,2,24,100,1000,10,20,coupled,0.197632000238,50.802430391311646
0.4,2,24,100,1000,10,20,coupled,0.20580233193,94.06492877006531
0.4,2,24,100,1000,10,20,coupled,0.190570116972,60.86733412742615
0.4,2,24,100,1000,10,20,coupled,0.147524638502,70.41197204589844
0.4,2,24,100,1000,10,20,coupled,0.214960360293,114.68933129310608
0.4,3,24,100,1000,10,20,coupled,0.201715190448,182.01189255714417
0.4,3,24,100,1000,10,20,coupled,0.186369749118,74.68935418128967
0.4,3,24,100,1000,10,20,coupled,0.204387596509,148.43309688568115
0.4,3,24,100,1000,10,20,coupled,0.203416820678,91.86878991127014
0.4,3,24,100,1000,10,20,coupled,0.192418979097,112.52515649795532
0.4,3,24,100,1000,10,20,coupled,0.157775332373,65.26659893989563
0.4,3,24,100,1000,10,20,coupled,0.21933583198,79.4879150390625
0.4,3,24,100,1000,10,20,coupled,0.202434766574,151.58497762680054
0.4,3,24,100,1000,10,20,coupled,0.203957724359,95.20987701416016
0.4,3,24,100,1000,10,20,coupled,0.191057195387,121.92347383499146
0.4,3,24,100,1000,10,20,coupled,0.188568415015,74.1318621635437
0.4,3,24,100,1000,10,20,coupled,0.209549007072,119.09642314910889
0.4,3,24,100,1000,10,20,coupled,0.196798888546,117.73995590209961
0.4,3,24,100,1000,10,20,coupled,0.215075310013,108.59482979774475
0.4,3,24,100,1000,10,20,coupled,0.180306796817,104.26288628578186
0.4,3,24,100,1000,10,20,coupled,0.209494364405,96.23156309127808
0.4,3,24,100,1000,10,20,coupled,0.181666402469,95.81146883964539
0.4,3,24,100,1000,10,20,coupled,0.201283702839,119.91533780097961
0.4,3,24,100,1000,10,20,coupled,0.170904075179,76.72109460830688
0.4,3,24,100,1000,10,20,coupled,0.185101576419,78.88613533973694
0.4,4,24,100,1000,10,20,coupled,0.158588314921,87.9602563381195
0.4,4,24,100,1000,10,20,coupled,0.19455138568,75.6717598438263
0.4,4,24,100,1000,10,20,coupled,0.20571599507,121.84320306777954
0.4,4,24,100,1000,10,20,coupled,0.189834580815,71.63488602638245
0.4,4,24,100,1000,10,20,coupled,0.197735229854,65.36329793930054
0.4,4,24,100,1000,10,20,coupled,0.203554367456,107.7506890296936
0.4,4,24,100,1000,10,20,coupled,0.189758299576,86.7088987827301
0.4,4,24,100,1000,10,20,coupled,0.213588544827,186.64166378974915
0.4,4,24,100,1000,10,20,coupled,0.164465981857,89.99453544616699
0.4,4,24,100,1000,10,20,coupled,0.218637746534,87.3946967124939
0.4,4,24,100,1000,10,20,coupled,0.158941469595,57.62817740440369
0.4,4,24,100,1000,10,20,coupled,0.166420853862,60.9591224193573
0.4,4,24,100,1000,10,20,coupled,0.200194963889,99.89101123809814
0.4,4,24,100,1000,10,20,coupled,0.201822722039,82.83869981765747
0.4,4,24,100,1000,10,20,coupled,0.135920304588,97.41193985939026
0.4,4,24,100,1000,10,20,coupled,0.167992462246,53.81455707550049
0.4,4,24,100,1000,10,20,coupled,0.175710260677,101.62276601791382
0.4,4,24,100,1000,10,20,coupled,0.201849304436,117.96334195137024
0.4,4,24,100,1000,10,20,coupled,0.196301648146,118.7567846775055
0.4,4,24,100,1000,10,20,coupled,0.190383375247,79.56029558181763
