tc,rt,nmass,state
0.228428198865,31.690793752670288,8,[ 5 17 17 17  0 14 13 13]
0.22257009153,36.71687054634094,8,[ 5  0  8  8  8 14 13 13]
0.22257009153,50.38289761543274,8,[ 5  0  8  8  8 14 13 13]
0.160822766642,42.82939863204956,8,[15 15 15 18 16  0 13 13]
0.228428198865,38.28590273857117,8,[ 5 17 17 17  0 14 13 13]
0.213120979096,35.55726504325867,8,[ 5  0  0  0 14  8  0 13]
0.221815212553,29.39167547225952,8,[ 5  5  5  5  0 14 13 13]
0.120158536188,25.95376467704773,8,[ 7  5 12 10 10 18 13 13]
0.22257009153,34.30505299568176,8,[ 5  0  8  8  8 14 13 13]
0.22257009153,37.38924980163574,8,[ 5  0  8  8  8 14 13 13]
0.22257009153,43.111674547195435,8,[ 5  0  8  8  8 14 13 13]
0.120346230083,33.123921632766724,8,[18  5 15 11 10 18 13 14]
0.117236102592,85.35329794883728,8,[18 18  7  5 16 14 17  2]
0.200419891139,34.74883413314819,8,[ 5  7  5 17 14  0 17 13]
0.225090364044,50.758827447891235,8,[ 5 17 17  0  8 14 13 13]
0.227013026109,28.960058212280273,8,[ 5 17 17 17  5 17 17 13]
0.153537867567,69.18599104881287,9,[15 15 15 15 15  5  5 13 13]
0.226603747,60.267853021621704,9,[ 5 17 17 17  0  0 14 13 13]
0.207130688603,57.81093692779541,9,[ 5  7  7  5  0 14 14 13 13]
0.226603747,66.29163360595703,9,[ 5 17 17 17  0  0 14 13 13]
0.199370996453,37.22005105018616,9,[ 7  7  5  5  0 14 14 13 13]
0.150618667474,55.388059854507446,9,[ 7  0  5 18 15 15 16 13 13]
0.198544164686,42.07721185684204,9,[ 7 16  7  0  0  8  8 13 13]
0.227931214205,40.85253095626831,9,[ 5 17  5  0 14 13 13 13 13]
0.11667991776,57.59843683242798,9,[18 18  7  5 17  5 17 16  2]
0.216648856205,122.61954426765442,9,[ 5 17 17 14  8  0 17 17 13]
0.200805924465,36.49415183067322,9,[ 7 17  5  7  8 17  8 13 13]
0.167978980861,46.957080125808716,9,[ 5  5  5 18 18  7 17 13 13]
0.222456430233,56.49663782119751,9,[ 5  0  8 14  8  8 14 13 13]
0.197853350289,34.58486890792847,9,[ 7  0  0  8 17  0  0 13 13]
0.223438697872,56.84595084190369,9,[ 5 17 17  0  0  8 14 13 13]
0.145438483644,47.321550369262695,9,[18 18  5 18 18 16 16 13 13]
0.132957278701,82.01778268814087,10,[ 5 18 19 12 12 16  5 13 13 13]
0.220834254235,78.83187532424927,10,[ 5  0  8 14  8  0  0 14 13 13]
0.223515562932,68.19070076942444,10,[ 5 17 17  0  8  8  8 14 13 13]
0.141187425827,76.18290424346924,10,[18 18 15 10 11 10 18  0 13 13]
0.17677051955,41.791767835617065,10,[ 0  8 14 13  5  7 18  0 13 13]
0.225238214842,70.0978581905365,10,[ 5 17 17 17 17 17  0 14 13 13]
0.164662668672,45.54251027107239,10,[18 18 16 16 16 16  2 13 13 13]
0.0999226423474,65.69138026237488,10,[12 18 15  1  1  1  7 18 13  2]
0.163906368043,46.09130525588989,10,[18 18 18  7 17 17 17 17 13 13]
0.207752410266,139.80344367027283,10,[ 7  7 16  7  7  0 17  8 13 13]
0.224934567199,55.832030057907104,10,[ 5 17 17  0  0  0  0 14 13 13]
0.140409210586,44.38350868225098,10,[ 2 13  8 17 18 18 18 16 13 13]
0.143195101078,86.72624683380127,10,[ 7 16 17  5  0  8 14  0  7 14]
0.220397062159,57.472177267074585,10,[ 5  0  8 14 14  8  8 14 13 13]
0.201955928696,89.82323098182678,10,[ 5  0 17  5 17 13 13 13 13 13]
0.225680092604,74.58969593048096,10,[ 5 17 17 17  0  8 13 13 13 13]
0.0936698627678,44.215110540390015,11,[12 18 17 15  7 15 18  1  2  8  2]
0.115424560986,43.20840072631836,11,[ 0 16  8 16  4  5 15  0  7 13 14]
0.106752476578,71.88401246070862,11,[15 10 18 17 18 12 18 14 17 17  2]
0.141053799381,52.28649878501892,11,[ 5 17  0 16  7  8 14  2  8  5 14]
0.158745773942,121.98756170272827,11,[ 7 17 16  5 15 15 15  7 17 13 13]
0.111141712317,63.557156562805176,11,[18 12 15 16 17 14  0 13 17 17  2]
0.0481517767914,164.19027018547058,11,[19 12 19  4 16 15  6  0 13  6  3]
0.136720058278,79.13176846504211,11,[ 7  0  5 17 17  0  8 14  2 16 14]
0.101433334071,58.11117100715637,11,[10 12 18 15  1  1  7  0  5 13  2]
0.106661127206,52.00604462623596,11,[ 7  0  0 14  5  4 13  8 17 13  2]
0.143982316957,66.11185693740845,11,[ 7  0 17  0  0  0  0  8 14  0 14]
0.205288758623,87.87106895446777,11,[17 17  0  5  7  7  0 17  8 13 13]
0.161863721967,95.91808557510376,11,[15 15 18 16 17 17  5  0 17 13 13]
0.203407358434,87.77960133552551,11,[ 5 17  5  7 16 17  5 17  0 13 13]
0.134013014796,75.77427959442139,11,[ 5 18  5 15 12 10  0  5 13 13 13]
0.164199064656,189.05057525634766,11,[15 15 18 18  7 17  7  2 13 13 13]
0.100249897657,67.72492480278015,12,[12 19  0 18  5  1 19  0  7  5 13  2]
0.196489298007,103.88436365127563,12,[ 5 17  8  2 14 17 17  5 17 17 13 13]
0.0479016296524,101.72915172576904,12,[ 1  1 18  2 16 12  6 16  6  2  6  3]
0.22513172047,84.6555905342102,12,[ 5 17 17 17  0  0  0  0  0 14 13 13]
0.223315709974,119.40839529037476,12,[ 5 17 17  0  8  8 14  8  8 14 13 13]
0.192361069588,172.84770822525024,12,[ 7  0 17  5  0 14 14  8  0  0 13 13]
0.150009616794,102.52801847457886,12,[15 10 10 10 15  5  5  5 16 17 13 13]
0.112932264397,83.46529579162598,12,[18 18 15 16 17  5  7 16  2 14  2  2]
0.182831182348,68.60737776756287,12,[ 7  0  7 17  5 17 17  5 17  5 13 13]
0.169341353543,111.24740505218506,12,[18 18  7  0  8  8 13 17  2 13 13 13]
0.162418325939,89.64817357063293,12,[18 18 18 18 18  0 17 14 14 13 13 13]
0.210681614359,172.11157846450806,12,[ 5  5  7  7  7  0  0 14 14 14 13 13]
0.211468864459,101.89940881729126,12,[ 5  5  7 16  0 17  7  0 17  8 13 13]
0.111424993948,81.55811357498169,12,[15 10 15 18  0  5  0  7 18 15 18  2]
0.197267499267,80.38802075386047,12,[ 7  7  0 17  0  7  7  7  0 14 13 13]
0.197286778074,87.59086847305298,12,[ 7  0  8 17 17  7  7  7 16  8 13 13]
0.148280228227,121.78129029273987,13,[ 7  5 15 15 18 16  5 18 18 16 17 13 13]
