tc,rt,nmass,state
-0.173102039028,8.318984270095825,8,[ 7  0  7 18 18  7 13 13]
-0.060248832978,7.831881761550903,8,[ 1 13  5 11  5 12  2  2]
-0.11027675214,8.347522258758545,8,[ 7 17 18 18 13  0  4  2]
-0.117727328391,8.453857660293579,8,[18 17  5  5 16  0  0  2]
-0.228428198865,8.744420528411865,8,[ 5 17 17 17  0 14 13 13]
-0.0872279719321,8.22950029373169,8,[13 17  7  0 17 18 16  2]
-0.13127962412,8.848679780960083,8,[ 7  8  7 16  8 17 17 14]
-0.149784430426,8.628718376159668,8,[ 5  0  8  8  0  0  0 14]
-0.219404409498,8.788431406021118,8,[ 5 17  0  0  0  8 13 13]
-0.223611592063,8.952291488647461,8,[ 5  0  0 14 13 13 13 13]
-0.108557455386,8.653621912002563,8,[10 18  7  4  4 17 13 14]
-0.151865703544,8.839980363845825,8,[15 15 15 18 18 16 13 13]
-0.222109166077,8.710963249206543,8,[ 5  5  5 17 17 14 13 13]
-0.228428198865,9.321909189224243,8,[ 5 17 17 17  0 14 13 13]
-0.222109166077,8.574841976165771,8,[ 5  5  5 17 17 14 13 13]
-0.148886868404,8.739779472351074,8,[ 5  5  7 16  7 17  5 14]
-0.101818359302,8.369884252548218,8,[11 15  0 16  2  5 14 14]
-0.157195939828,10.23616337776184,9,[15 15 10 15 15 16  8 13 13]
-0.0713573443228,10.040885210037231,9,[18 15 15 10 18 19  2 13  0]
-0.120500855696,10.944770097732544,9,[15 16 17 14  7  1 15 14 13]
-0.124785963726,10.469969272613525,9,[16 17 17 18 12 10 18 13 13]
-0.14639874311,11.056672096252441,9,[18 10 15 15 15 16  8 13 13]
-0.149234248039,10.524890661239624,9,[ 5  0  8 14 14  0  0  0 14]
-0.116591242254,10.725817441940308,9,[17  7  0  4  8  4 14 13 14]
-0.0755023060314,10.720497131347656,9,[ 4  0  5  7 19 15  5 15  2]
-0.118516826267,11.223066329956055,9,[ 7  8 17 18 15 18 18 17 14]
-0.0543472694183,10.61289644241333,9,[ 4 17  1 12 14 10 17  8  8]
-0.218567354239,11.089497089385986,9,[ 5  5  0  8 14  8  8 13 13]
-0.135055084753,10.87813949584961,9,[14  2  0  0  8 17  0  2 14]
-0.223438697872,10.552916526794434,9,[ 5 17 17  0  0  8 14 13 13]
-0.194256884598,10.836452007293701,9,[ 0 13 13 13 14  8  8 13 13]
-0.068729713459,10.061421155929565,9,[15 18  0 17  8 12  2  2  8]
-0.199692743599,10.517103910446167,9,[ 7  7 16 16 16 16  8 13 13]
-0.206216284958,12.699600219726562,10,[ 7 16 16 16 16  0 17  8 13 13]
-0.0498874294396,11.976439476013184,10,[11  5 15 11  8 10 14  8  4  2]
-0.145338348288,12.877066612243652,10,[18 18 18 15 15  5  7 13 13 13]
-0.112071230609,12.80625319480896,10,[10 12 12 12 12 16  5 17 13 14]
-0.0559561394655,12.147012710571289,10,[ 4 19  0  2  4 12 10 15  0 14]
-0.217132000882,12.979055881500244,10,[ 5  5 17  5 17 17  0 14 13 13]
-0.109091577572,12.467321634292603,10,[15 10 15 17 16  4  1 15 17 14]
-0.0954759027745,12.475445032119751,10,[ 5 18  4 17  0 12 19  8 13 14]
-0.0567864877734,12.065874814987183,10,[ 5  8 15 14  8 14  0 17  8  4]
-0.111067931669,12.634098291397095,10,[11 10  5  5  0  5 18 18 13 14]
-0.206471151719,12.76792573928833,10,[ 7  7  7 17  5  0  0  8 13 13]
-0.186331666347,12.627356052398682,10,[ 5 17 17  0  7  5 14  2  0 13]
-0.104931770703,12.445116519927979,10,[15 15 16  7 15 16 14 16 17  8]
-0.0549375492108,12.20348834991455,10,[10  5 10 12 15  2  5  1  0  2]
-0.207224128344,12.74997329711914,10,[ 5  8 14  8  0  8  8  8  0 13]
-0.0478791827684,12.007301330566406,10,[ 8 11 19  4 16  7  7  0  6  3]
-0.200048920379,15.229434251785278,11,[ 7  7 16 16 17  0  8 14  8 13 13]
-0.109561796825,14.897231578826904,11,[15  5  5 18 18  5 17  8 17  2  2]
-0.130830352568,14.810678958892822,11,[16  7  0 17  7  7  7  8 13  0 14]
-0.0432456949886,14.633809089660645,11,[ 6 13  8  0 12  3 13 13 13 13  4]
-0.101888108344,14.968799114227295,11,[15 12  1 19  7 15  1 17 18 13  2]
-0.114359008635,15.108125686645508,11,[ 7  0  5 16  5 18 16 17  8 17  2]
-0.152503711115,15.271505117416382,11,[18 18 18 15 15 10 15  7 17 13 13]
-0.0574014745019,14.539424896240234,11,[10 16  0 10  5 18  2 17  4 14  0]
-0.120375669919,15.043983221054077,11,[10 10 10 18  5  7 17  5  7 13 14]
-0.103048135508,14.3009774684906,11,[17  2  0 13 17  0 17  7 14 13  8]
-0.154266523809,15.130510091781616,11,[15 10 10 10 15 18 16 17 17 13 13]
-0.216197894921,15.207271575927734,11,[ 5  8 14  8  0  0  0  0  0  0 13]
-0.205817859133,15.259131908416748,11,[17  5  7  7  7 17 17 17  8 13 13]
-0.189641140766,15.081120491027832,11,[ 7  8 14 13 17  8  8  2  2 13 13]
-0.106361730865,14.874593019485474,11,[ 5 17 18 19  1 12  5  7  5 13 14]
-0.106120272816,14.952495098114014,11,[ 5 18 18 15 18 10 10 18  7 17  2]
-0.205146138733,17.757099866867065,12,[ 7  7 16  7  7  7  7  0  0  8 13 13]
-0.211825948051,17.694015979766846,12,[ 5  5 17  5  7  0  0  8 14  8 13 13]
-0.0843763047603,17.239359617233276,12,[12 19  4  8 17 18 17  5 18 17 17  2]
-0.10746817541,17.21194815635681,12,[15 18 16  7  2 17 17 18 12 16 17  2]
-0.203344395618,17.76443386077881,12,[17 17  0  0  0  7  7  7  0  8 13 13]
-0.0478478823637,16.497090578079224,12,[ 1  1 16 16 16  7  4 18  6  2  6  3]
-0.0931241270807,17.39206576347351,12,[ 5 12 17 19  2 15  8 15 13 13 13 13]
-0.0598753282781,16.365233898162842,12,[ 2 17  5  2 13  5  2 16  8  1  4  2]
-0.128565394919,17.760388374328613,12,[16  0 13  0  8  0  8  2  0  0  2 14]
-0.202308600471,17.939454317092896,12,[ 7  0 17  7 16  0 17  0 17  8 13 13]
-0.118502531002,17.624825716018677,12,[ 8 17  0  8  8 18 18 18 18  2 13 14]
-0.202609137121,17.47946524620056,12,[ 7 16  0 17  7  0 17  0  0 14 13 13]
-0.0973592953491,17.35243535041809,12,[18 16 18  1  1 19  0 18  4 17 13  2]
-0.128501548947,16.819825649261475,12,[15 15 15 15 15 15 12 12 18 13 13 13]
-0.0478339337014,16.9534330368042,12,[10  7 11  1  0 16 15  7  2 19  6  3]
-0.0868863034738,17.251702785491943,12,[12  1 17 10  1 19 19 17  5 18  2 14]
-0.04717257918,19.386525630950928,13,[17 15  5 11 18  2 11 17  0 14  2 19  3]
-0.102517135888,20.023836374282837,13,[18 18  7 18 11 15 18  5 15 11 15 18  2]
-0.09962090715127937,8.333495855331421,8,[ 2 14  4  8  7  0 18  2]
